                                                                                                                  1
                                                                                                                1  1
                                                                                                              1  2  1
                                                                                                            1  3  3  1
                                                                                                          1  4  6  4  1
                                                                                                        1  5 10 10  5  1
                                                                                                      1  6 15 20 15  6  1
                                                                                                    1  7 21 35 35 21  7  1
                                                                                                  1  8 28 56 70 56 28  8  1
                                                                                                1  9 36 84 26 26 84 36  9  1
                                                                                              1 10 45 20 10 52 10 20 45 10  1
                                                                                            1 11 55 65 30 62 62 30 65 55 11  1
                                                                                          1 12 66 20 95 92 24 92 95 20 66 12  1
                                                                                        1 13 78 86 15 87 16 16 87 15 86 78 13  1
                                                                                      1 14 91 64  1  2  3 32  3  2  1 64 91 14  1
                                                                                    1 15  5 55 65  3  5 35 35  5  3 65 55  5 15  1
                                                                                  1 16 20 60 20 68  8 40 70 40  8 68 20 60 20 16  1
                                                                                1 17 36 80 80 88 76 48 10 10 48 76 88 80 80 36 17  1
                                                                              1 18 53 16 60 68 64 24 58 20 58 24 64 68 60 16 53 18  1
                                                                            1 19 71 69 76 28 32 88 82 78 78 82 88 32 28 76 69 71 19  1
                                                                          1 20 90 40 45  4 60 20 70 60 56 60 70 20 60  4 45 40 90 20  1
                                                                        1 21 10 30 85 49 64 80 90 30 16 16 30 90 80 64 49 85 30 10 21  1
                                                                      1 22 31 40 15 34 13 44 70 20 46 32 46 20 70 44 13 34 15 40 31 22  1
                                                                    1 23 53 71 55 49 47 57 14 90 66 78 78 66 90 14 57 47 49 55 71 53 23  1
                                                                  1 24 76 24 26  4 96  4 71  4 56 44 56 44 56  4 71  4 96  4 26 24 76 24  1
                                                                1 25  0  0 50 30  0  0 75 75 60  0  0  0  0 60 75 75  0  0 30 50  0  0 25  1
                                                              1 26 25  0 50 80 30  0 75 50 35 60  0  0  0 60 35 50 75  0 30 80 50  0 25 26  1
                                                            1 27 51 25 50 30 10 30 75 25 85 95 60  0  0 60 95 85 25 75 30 10 30 50 25 51 27  1
                                                          1 28 78 76 75 80 40 40  5  0 10 80 55 60  0 60 55 80 10  0  5 40 40 80 75 76 78 28  1
                                                        1 29  6 54 51 55 20 80 45  5 10 90 35 15 60 60 15 35 90 10  5 45 80 20 55 51 54  6 29  1
                                                      1 30 35 60  5  6 75  0 25 50 15  0 25 50 75 20 75 50 25  0 15 50 25  0 75  6  5 60 35 30  1
                                                    1 31 65 95 65 11 81 75 25 75 65 15 25 75 25 95 95 25 75 25 15 65 75 25 75 81 11 65 95 65 31  1
                                                  1 32 96 60 60 76 92 56  0  0 40 80 40  0  0 20 90 20  0  0 40 80 40  0  0 56 92 76 60 60 96 32  1
                                                1 33 28 56 20 36 68 48 56  0 40 20 20 40  0 20 10 10 20  0 40 20 20 40  0 56 48 68 36 20 56 28 33  1
                                              1 34 61 84 76 56  4 16  4 56 40 60 40 60 40 20 30 20 30 20 40 60 40 60 40 56  4 16  4 56 76 84 61 34  1
                                            1 35 95 45 60 32 60 20 20 60 96  0  0  0  0 60 50 50 50 50 60  0  0  0  0 96 60 20 20 60 32 60 45 95 35  1
                                          1 36 30 40  5 92 92 80 40 80 56 96  0  0  0 60 10  0  0  0 10 60  0  0  0 96 56 80 40 80 92 92  5 40 30 36  1
                                        1 37 66 70 45 97 84 72 20 20 36 52 96  0  0 60 70 10  0  0 10 70 60  0  0 96 52 36 20 20 72 84 97 45 70 66 37  1
                                      1 38  3 36 15 42 81 56 92 40 56 88 48 96  0 60 30 80 10  0 10 80 30 60  0 96 48 88 56 40 92 56 81 42 15 36  3 38  1
                                    1 39 41 39 51 57 23 37 48 32 96 44 36 44 96 60 90 10 90 10 10 90 10 90 60 96 44 36 44 96 32 48 37 23 57 51 39 41 39  1
                                  1 40 80 80 90  8 80 60 85 80 28 40 80 80 40 56 50  0  0  0 20  0  0  0 50 56 40 80 80 40 28 80 85 60 80  8 90 80 80 40  1
                                1 41 20 60 70 98 88 40 45 65  8 68 20 60 20 96  6 50  0  0 20 20  0  0 50  6 96 20 60 20 68  8 65 45 40 88 98 70 60 20 41  1
                              1 42 61 80 30 68 86 28 85 10 73 76 88 80 80 16  2 56 50  0 20 40 20  0 50 56  2 16 80 80 88 76 73 10 85 28 86 68 30 80 61 42  1
                            1 43  3 41 10 98 54 14 13 95 83 49 64 68 60 96 18 58  6 50 20 60 60 20 50  6 58 18 96 60 68 64 49 83 95 13 14 54 98 10 41  3 43  1
                          1 44 46 44 51  8 52 68 27  8 78 32 13 32 28 56 14 76 64 56 70 80 20 80 70 56 64 76 14 56 28 32 13 32 78  8 27 68 52  8 51 44 46 44  1
                        1 45 90 90 95 59 60 20 95 35 86 10 45 45 60 84 70 90 40 20 26 50  0  0 50 26 20 40 90 70 84 60 45 45 10 86 35 95 20 60 59 95 90 90 45  1
                      1 46 35 80 85 54 19 80 15 30 21 96 55 90  5 44 54 60 30 60 46 76 50  0 50 76 46 60 30 60 54 44  5 90 55 96 21 30 15 80 19 54 85 80 35 46  1
                    1 47 81 15 65 39 73 99 95 45 51 17 51 45 95 49 98 14 90 90  6 22 26 50 50 26 22  6 90 90 14 98 49 95 45 51 17 51 45 95 99 73 39 65 15 81 47  1
                  1 48 28 96 80  4 12 72 94 40 96 68 68 96 40 44 47 12  4 80 96 28 48 76  0 76 48 28 96 80  4 12 47 44 40 96 68 68 96 40 94 72 12  4 80 96 28 48  1
                1 49 76 24 76 84 16 84 66 34 36 64 36 64 36 84 91 59 16 84 76 24 76 24 76 76 24 76 24 76 84 16 59 91 84 36 64 36 64 36 34 66 84 16 84 76 24 76 49  1
              1 50 25  0  0 60  0  0 50  0 70  0  0  0  0 20 75 50 75  0 60  0  0  0  0 52  0  0  0  0 60  0 75 50 75 20  0  0  0  0 70  0 50  0  0 60  0  0 25 50  1
            1 51 75 25  0 60 60  0 50 50 70 70  0  0  0 20 95 25 25 75 60 60  0  0  0 52 52  0  0  0 60 60 75 25 25 95 20  0  0  0 70 70 50 50  0 60 60  0 25 75 51  1
          1 52 26  0 25 60 20 60 50  0 20 40 70  0  0 20 15 20 50  0 35 20 60  0  0 52  4 52  0  0 60 20 35  0 50 20 15 20  0  0 70 40 20  0 50 60 20 60 25  0 26 52  1
        1 53 78 26 25 85 80 80 10 50 20 60 10 70  0 20 35 35 70 50 35 55 80 60  0 52 56 56 52  0 60 80 55 35 50 70 35 35 20  0 70 10 60 20 50 10 80 80 85 25 26 78 53  1
      1 54 31  4 51 10 65 60 90 60 70 80 70 80 70 20 55 70  5 20 85 90 35 40 60 52  8 12  8 52 60 40 35 90 85 20  5 70 55 20 70 80 70 80 70 60 90 60 65 10 51  4 31 54  1
    1 55 85 35 55 61 75 25 50 50 30 50 50 50 50 90 75 25 75 25  5 75 25 75  0 12 60 20 20 60 12  0 75 25 75  5 25 75 25 75 90 50 50 50 50 30 50 50 25 75 61 55 35 85 55  1
  1 56 40 20 90 16 36  0 75  0 80 80  0  0  0 40 65  0  0  0 30 80  0  0 75 12 72 80 40 80 72 12 75  0  0 80 30  0  0  0 65 40  0  0  0 80 80  0 75  0 36 16 90 20 40 56  1
